x<-25
y<-26
z<-27